0.0
0.50
1.0
1.50
2.0
2.50
3.0
3.50
4.0
4.50
5.0
5.50
6.0
6.50
7.0
7.50
8.0
8.50
9.0
9.50
10.0
10.50
11.0
11.50
12.0
12.50
13.0
13.50
14.0
14.50
15.0
15.50
16.0
16.50
17.0
17.50
18.0
18.50
19.0
19.50
20.0
20.50
21.0
21.50
22.0
22.50
23.0
23.50
24.0
24.50
25.0
25.50
26.0
26.50
27.0
27.50
28.0
28.50
29.0
29.50
30.0
30.50
31.0
31.50
32.0
32.50
33.0
33.50
34.0
34.50
35.0
35.50
36.0
36.50
37.0
37.50
38.0
38.50
39.0
39.50
40.0
40.50
41.0
41.50
42.0
42.50
43.0
43.50
44.0
44.13
44.13
45.63
47.13
48.63
50.13
51.63
53.13
54.63
56.13
57.63
59.13
59.65
59.65
60.15
60.65
61.15
61.65
62.15
62.65
63.15
63.65
64.15
64.65
65.15
65.65
66.15
66.65
67.15
67.65
68.15
68.65
69.15
69.65
70.15
70.65
71.15
71.65
72.15
72.65
73.15
73.65
74.15
74.65
75.15
75.65
76.15
76.65
77.15
77.65
78.15
78.65
79.15
79.65
80.15
80.65
81.15
81.65
82.15
82.65
83.15
83.65
84.15
84.65
85.15
85.65
86.15
86.65
87.15
87.65
88.15
88.65
89.15
89.51
89.51
91.1
92.51
94.1
95.51
97.1
98.51
100.1
101.51
103.1
104.51
106.1
107.51
109.1
110.51
112.1
113.51
115.1
116.51
118.1
119.51
121.1
122.51
123.23
123.23
123.73
124.23
124.73
125.23
125.73
126.23
126.73
127.23
127.73
128.23
128.73
129.23
129.73
130.23
130.73
131.23
131.73
132.23
132.73
133.23
133.73
134.23
134.73
135.23
135.73
136.23
136.73
137.23
137.73
138.23
138.73
139.23
139.73
140.23
140.73
141.23
141.73
142.23
142.73
143.23
143.73
144.23
144.73
145.23
145.73
146.23
146.73
146.83
146.83
148.33
149.83
151.33
