0.0
0.50
1.0
1.50
2.0
2.50
3.0
3.50
4.0
4.50
5.0
5.50
6.0
6.50
7.0
7.50
8.0
8.50
9.0
9.50
10.0
10.50
11.0
11.50
12.0
12.50
13.0
13.50
14.0
14.50
15.0
15.50
16.0
16.50
17.0
17.50
18.0
18.50
19.0
19.50
20.0
20.50
21.0
21.50
22.0
22.50
23.0
23.50
24.0
24.50
25.0
25.50
26.0
26.50
27.0
27.50
28.0
28.50
29.0
29.50
30.0
30.0
30.0
30.0
30.0
30.0
30.0
30.0
30.0
30.0
30.0
30.0
30.0
30.0
30.0
30.0
30.0
30.0
30.0
30.0
30.0
30.0
30.0
30.0
30.0
30.0
30.0
30.0
30.0
30.0
30.0
29.50
29.0
28.50
28.0
27.50
27.0
26.50
26.0
25.50
25.0
24.82
24.82
25.32
25.82
26.32
26.82
27.32
27.82
28.32
28.82
29.32
29.82
30.0
30.0
30.0
30.0
30.0
30.0
30.0
30.0
30.0
30.0
30.0
30.0
30.0
30.0
30.0
30.0
30.0
30.0
30.0
30.0
30.0
30.0
30.0
30.0
30.0
30.0
30.0
30.0
30.0
30.0
30.0
30.0
30.0
30.0
30.0
30.0
30.0
30.0
30.0
30.0
30.0
30.0
30.0
30.0
30.0
30.0
30.0
30.0
30.0
30.0
30.0
29.50
29.0
28.50
28.0
27.50
27.0
26.50
26.0
25.50
25.0
24.50
24.0
23.50
23.0
22.50
22.0
21.50
21.0
20.50
20.0
19.50
19.0
18.75
18.75
19.25
19.75
20.25
20.75
21.25
21.75
22.25
22.75
23.25
23.75
24.25
24.75
25.25
25.75
26.25
26.75
27.25
27.75
28.25
28.75
29.25
29.75
30.0
30.0
30.0
30.0
30.0
30.0
30.0
30.0
30.0
30.0
30.0
30.0
30.0
30.0
30.0
30.0
30.0
30.0
30.0
30.0
30.0
30.0
30.0
30.0
30.0
30.0
30.0
29.50
29.0
28.50
